79645591220
79637122202
79057518823
79685142128
79035588425
79264546681
79672934885
79252985952
79671911444
79052258838
79095909192
79099156436
79262583957
79032638671
79623657994
79213598788
79296166965
79057375373
79039783028
79055515280
79990348938
79689283242
79255886222
79032872801
79057702828
79268181811
79998042450
79998457490
79295801080
79067278466
79999462650
79268626787
79999728822
79653994365
79263400536
79261087960
79650241762
79639983971
79998452015
79262949267
79627222015
79031327915
79060558841
79663275185
79219852214
79096526925
79261270764
79998670060
79313703468
79998246098
79267196229
79261619214
79266588723
79035763137
79265749508
79213303886
79670604770
79067773239
79032699975
79060723650
79263895955
79637802209
79629466852
79651237600
79032364489
79060816085
79255107362
79219052860
79250667991
79269818972
79263592060
79670735115
79217522042
79037160841
79629612626
79262530928
79055063205
79689425451
79663471257
79251393333
79315901126
79650323613
79032766749
79217762519
79217466546
79267651776
79036842724
79645080110
79254198011
79067331756
79216446234
79657900496
79219784441
79213785361
79219740627
79096570866
79675354857
79037657729
79213102400
79251178059
79263618781
79629620076
79661405428
79265622553
79267895081
79258652422
79261519386
79651526775
79629994428
79037512478
79262160696
79037662127
79031305437
79998560788
79265100500
79263177306
79265738339
79267876543
79295513602
79264116294
79055722179
79217803066
79257104481
79213606022
79999459162
79670058163
79216495534
79261046044
79254037442
79219710448
79067376067
79653591306
79688614153
79267178984
79037546335
79219520219
79057045422
79255300498
79996662414
79036689694
79261449510
79031312638
79214313534
79060564246
79264119852
79626916617
79062740208
79218675208
79213386268
79037362429
79265684513
79213978700
79637886292
79062507333
79267917524
79670084198
79213467119
79990116207
79263171848
79633442136
79654314553
79260250699
79262581076
79999837797
79663365666
79265387514
79067499056
79261122541
79052335295
79052216830
79037401385
79032339760
79037989134
79315809737
79260912021
79647044251
79031667469
79265954488
79268550068
79060340798
79261645094
79032973142
79265676522
79266603809
79215781483
79255660032
79260624941
79055535066
79213053189
79055694989
79032438272
79260263627
79215785922
79250530401
79216410889
79256322978
79052598798
79266137344
79263483058
79039660745
79260216148
79055577320
79258740034
79032716874
79099951721
79602564082
79267511090
79671351995
79031913020
79035075405
79269184671
79652632727
79627210652
79999336923
79032752512
79312233846
79269634265
79217531645
79032724424
79036620233
79269503449
79265798367
79055889829
79299812081
79269954156
79217593813
79268377748
79992217459
79217662430
79313860912
79661975721
79263952806
79643813013
79265699605
79055902751
79095923301
79218738493
79629923361
79217770521
79686080100
79219359212
79099193931
79213923421
79263352505
79680799773
79031205108
79219191442
79035081014
79091610301
79214089192
79992079814
79031983180
79312928758
79651738782
79687352126
79264004017
79260233403
79312315285
79055909290
79263359912
79031490424
79260742401
79062684150
79260010276
79261825311
79219157269
79262243275
79252637900
79264249111
79637591653
79267193128
79263637454
79268864266
79261464932
79213943310
79296024238
79684170885
79268975873
79031893347
79629005050
79650852686
79990007713
79052731727
79035200624
79031951559
79265647404
79999384097
79312247707
79265000107
79213556481
79261231517
79251242532
79060392932
79267009374
79653337094
79031739738
79263199155
79219418033
79057204884
79680550001
79060903838
79296426730
79216470067
79031635555
79291555650
79602513912
79266654026
79265565392
79215535593
79211832375
79031558540
79651779888
79259269132
79213154369
79266847526
79214359107
79213718549
79213652342
79214067156
79252088626
79031921454
79265377231
79031454505
79219973472
79218451440
79031281528
79647806493
79032474408
79670361526
79262031371
79055656159
79055008088
79057711989
79303091205
79255421291
79295633910
79687422373
79057032880
79652184114
79999327830
79645068081
79060582966
79269316161
79267546898
79219115347
79265475249
79266860648
79032628851
79992167357
79032950479
79052615625
79262832012
79035209473
79999368975
79055609918
79254920401
79660347049
79062547574
79340003111
79037456211
79261157724
79067821669
79265802454
79299333500
79267640438
79660917673
79032839743
79032046136
79254050795
79057318351
79217877372
79266503085
79251648440
79258450165
79688084200
79096796783
79219395308
79267553766
79055611148
79261125243
79067544373
79653493760
79217908815
79618034354
79312703325
79633157215
79035071175
79031151091
79262623835
79686447444
79264966872
79686147541
79215900760
79264557998
79215587567
79296818136
79999406529
79037211560
79213810024
79262134924
79315911933
79999366591
79030131624
79219554373
79057724744
79032541456
79091616545
79052123676
79213102106
79262175249
79627068657
79259059415
79219512018
79636617456
79266961136
79252018234
79060520035
79261078675
79055005696
79645813169
79268744525
79268786583
79263875993
79255132208
79262797158
79999469792
79218664890
79213105250
79312331024
79052638317
79251121494
79623686767
79671295300
79215580769
79036691723
79035265266
79992269091
79636219060
79060876843
79218983820
79096813530
79651289659
79216386370
79296843423
79266501878
79213852547
79687044772
79999425635
79263405755
79688623241
79652876255
79213719498
79253222241
79251589588
79672745796
79035455575
79032900365
79032809889
79267012317
79688249899
79266554657
79250204335
79663789518
79035559253
79219556270
79096783353
79685702701
79690548450
79060537383
79267866627
79686827138
79037725239
79037500673
79219729258
79262693582
79263451523
79031840581
79060923366
79263812888
79262849215
79999841143
79645566661
79037914543
79037882935
79060763813
79651109094
79037001090
79216411964
79036647447
79213301534
79265412448
79219569850
79661233381
79035505004
79031045587
79031527481
79265783794
79032518136
79099940895
79670061884
79262040744
79296645414
79689236131
79035678940
79037922068
79312341629
79057194121
79647144207
79261461408
79645021379
79949994445
79213507778
79263250916
79096267168
79647236769
79264336971
79685975300
79992011395
79037455728
79623546833
79269040254
79219003042
79313387644
79032726513
79999440277
79998351667
79645651919
79214040946
79067774196
79217550975
79291126171
79254950164
79096367259
79651152441
79269125100
79091511227
79218749079
79263224664
79268683083
79260577602
79036745240
79261395374
79032949772
79213101633
79057633657
79645575709
79036766665
79657723234
79647260424
79217558109
79260374741
79650612221
79654418122
79645506995
79651661970
79650017545
79992405939
79261659372
79035445017
79213287070
79257684658
79251804555
79214314001
79265889133
79618114161
79268465968
79052334282
79262564157
79219747157
79267119636
79266574316
79039717165
79255366363
79650222171
79633094709
79219307386
79031008653
79255420635
79032438467
79255531442
79295711850
79219859971
79252824671
79688921690
79057934551
79645320286
79268492824
79647204842
79253862196
79219866963
79650854071
79256715066
79660124433
79650390658
79263201456
79057845297
79265878715
79031198145
79651643963
79999417869
79218694894
79260015921
79217855883
79268142304
79096648595
79262787686
79099222821
79030134777
79217891845
79031737396
79265221130
79312996054
79036282528
79260454674
79266710739
79067672027
79250047600
79652914554
79266788744
79269211200
79253041850
79036155970
79968854697
79219876153
79998503053
79216303236
79037225644
79263294250
79999364674
79217858338
79263292433
79055641778
79251879702
79268151869
79219711491
79257208184
79266929613
79602746703
79219845755
79035132750
79055879743
79215777265
79219747780
79213366505
79265811535
79035336868
79263352439
79099431206
79999381931
79653926898
79067289904
79215747337
79250771654
79215861309
79219059957
79032848211
79035123978
79687304230
79250275260
79057410836
79265263679
79219838948
79031313968
79057354082
79217901044
79096506995
79636995607
79213228241
79999362857
79646445011
79663260041
79055687645
79268316703
79031974457
79995349351
79266884166
79210965636
79067354459
79263627790
79269023095
79257028770
79030088884
79261353359
79036611931
79296159164
79037001363
79214126264
79312562204
79998089797
79261533942
79261901848
79629217500
79296333818
79265762619
79218754265
79262709417
79629648979
79258639376
79031539759
79266778735
79295841680
79214269022
79968557672
79602450249
79651666600
79057056585
79263408496
79295100982
79295879323
79266882866
79266340224
79035841777
79035002615
79636263219
79261165263
79263361354
79995154757
79269854121
79255340257
79296579015
79213575537
79262117375
79213231221
79250097398
79629210180
79264717580
79686081142
79032451184
79055498774
79032061971
79262567718
79219453576
79055181337
79217608665
79037075539
79219322820
79036190110
79264372511
79269231654
79686094400
79262786611
79264408336
79057356482
79654291544
79261131619
79261134741
79265571066
79267075829
79215737164
79213371821
79218776032
79258839934
79263484578
79036620262
79267551614
79262801928
79267217395
79254175585
79219931219
79999660311
79313117939
79269817192
79055425708
79067355429
79998147749
79261425691
79067199432
79219830865
79067151861
79067378226
79261756021
79267858998
79251774735
79217600255
79262546945
79319758005
79031556828
79035758872
79030033904
79998606678
79647215862
79250396768
79219965393
79299077632
79636258502
79258841092
79099547154
79687082918
79672594321
79652903777
79672545588
79096413479
79299895838
79629874500
79686669180
79215501869
79032287607
79670950530
79037603318
79689423606
79262763637
79067562299
79062401988
79036240663
79217469401
79629827592
79295192186
79999459631
79055090617
79629948351
79626942869
79250952415
79269787017
79262041697
79099234155
79261719302
79057624601
79036284533
79296162860
79262548808
79268755658
79312062665
79264756520
79219305664
79262347032
79037461990
79265366006
79057945038
79213734983
79032418828
79261433546
79266829391
79671598097
79067789006
79057308094
79680738622
79213902100
79650651833
79213557827
79035666294
79313217688
79267510663
79264696993
79032298706
79262056101
79262720245
79037565460
79688725242
79263394821
79219095088
79688514474
79263897909
79031275300
79261639612
79218495992
79037505171
79686364204
79262358759
79627086800
79219402416
79052126351
79037388984
79296616106
79296706107
79252075702
79998485857
79996723529
79253401741
79654258146
79263625100
79685201009
79636992252
79217755363
79099037699
79031869950
79268816341
79268795877
79263212554
79035732312
79618086029
79099142581
79062512107
79261126831
79690100957
79096822714
79218917077
79096603085
79654359370
79055979276
79264755707
79067958725
79263576378
79999669069
79261187070
79055246927
79219899371
79267583840
79213800071
79654053589
79262693826
79639964319
79096277833
79036636549
79254053833
79218450940
79992190123
79096585765
79999801557
79215930848
79067775042
79647075900
79661387827
79252044403
79265365606
79264058320
79629347833
79692828032
79295305840
79037247856
79213737368
79633198078
79219440836
79645710770
79060859524
79253718694
79217523714
79219451186
79295713730
79096513034
79031811822
79261779222
79032779545
79255178367
79252912084
79999405433
79218732153
79213903009
79689403255
79999347294
79037862011
79036841119
79650808543
79032571789
79267119887
79268580366
79095878193
79219927842
79267336170
79268691146
79031464613
79219375547
79686643534
79265689867
79687915133
79217777378
79055396104
79671080543
79261767902
79629322343
79261734161
79060854180
79999354095
79219775255
79684392134
79629246699
79260952228
79250234300
79312057405
79062526094
79031095256
79261472469
79260291569
79031968448
79217579301
79052821094
79252278023
79037142868
79251599687
79037325925
79060927769
79269751013
79095856095
79259162069
79262299181
79647236502
79039668507
79295671200
79585887528
79035097878
79262069820
79096747251
79060583955
79296424204
79684054412
79219365285
79031552739
79299339655
79261081053
79216546276
79216555925
79261814116
79262548304
79296647726
79095776055
79219542299
79264911842
79643335570
79057527421
79998294207
79650129091
79261254684
79263556503
79627022401
79215913245
79035691105
79219621933
79266608132
79999413307
79262895730
79312883319
79998101519
79261329712
79268696867
79213471767
79654168529
79265640328
79032230005
79264309901
79055121180
79219649607
79647940032
79295351807
79257642557
79623683644
79990018096
79215868239
79099596163
79035478792
79216437836
79998165809
79035923537
79052259591
79652451436
79265500205
79057766045
79214353638
79214227357
79036728606
79067470891
79643497005
79213040404
79031173653
79261501050
79218918889
79643760966
79263553547
79035731591
79032508028
79264810088
79219975655
79215823280
79032026336
79216532238
79685039967
79055982346
79259061061
79031113534
79037534948
79096948926
79067724251
79663327075
79214306228
79251847384
79251436253
79037079157
79219737221
79257162521
79037221778
79312897604
79256688061
79650681892
79067371497
79035789711
79999876971
79252143400
79990627043
79296743172
79686742067
79269742283
79639990294
79052852842
79602576825
79680240996
79260759336
79052035960
79312163690
79055269303
79267905110
79055312969
79219253653
79968856384
79062513883
79266011392
79217445445
79060830874
79670147587
79265983829
79295673702
79672375566
79267698948
79296062166
79299882774
79672939422
79267777174
79031409358
79268379880
79260357104
79037743121
79031103196
79999717385
79997126273
79262308133
79214103221
79052048223
79031077132
79685721380
79252766195
79647888840
79055875209
79636532525
79261826195
79214242551
79652300009
79291019078
79219235926
79257040250
79263883561
79998381943
79265216302
79253481944
79581981807
79213790216
79032608814
79261507823
79261888764
79213317563
79654108688
79262602571
79261885945
79031466537
79268371114
79217935633
79258660412
79213446261
79263455286
79251442368
79672409292
79037622724
79581784380
79260951338
79268497699
79031870584
79254365894
79253480136
79999821907
79264563668
79219259967
79215641724
79258459204
79258766019
79267866184
79998506573
79992079488
79211885348
79295853500
79689361314
79257237614
79998721359
79250790933
79250860896
79218566459
79266562213
79214396144
79250453287
79263320407
79990131165
79653624820
79215888480
79296061384
79032783412
79627231369
79213213532
79255347441
79313437631
79629205365
79998019870
79052356017
79060381092
79258613935
79262336192
79992138152
79688579115
79652803204
79263873259
79216356744
79213203615
79315428814
79057910101
79645667157
79262162203
79031631695
79251983019
79999327244
79262689750
79250818727
79099586201
79210915502
79264270402
79299883909
79261639789
79099888842
79265987997
79262685251
79067897848
79998020070
79215793120
79312036302
79263178033
79257349837
79055698259
79647013237
79060907996
79269653739
79213432597
79299641744
79215706306
79099099829
79264714143
79313742644
79629392135
79259057877
79036744471
79261261302
79251411604
79999381720
79688502113
79032146628
79032450077
79031557595
79032166907
79099780756
79035730704
79269108494
79647790949
79217472978
79067343802
79039717803
79296680065
79091637773
79057882447
79996721609
79031743808
79267550012
79265258909
79062728772
79800205690
79250539556
79269180510
79295843564
79637642222
79999319460
79218739689
79602545309
79262199995
79253793932
79219422383
79265131415
79210992767
79218600924
79052027872
79265833110
79269147063
79268864376
79264754709
79211853402
79032756027
79067177346
79250115293
79036169933
79217556841
79264622052
79296039796
79261017488
79312341239
79215715520
79968852914
79263776982
79217533910
79653653355
79671420319
79062297171
79216430235
79319675930
79213448617
79035231739
79055587848
79031553107
79251914124
79031126641
79296648471
79031585788
79266876307
79030929192
79992048652
79650040977
79689947800
79265877263
79032238644
79653595300
79265557023
79999408411
79037170670
79055613312
79267034493
79057671925
79037361033
79261756959
79264096257
79219523557
79095899690
79261379158
79036240248
79266281500
79264661173
79652696960
79261881118
79215789678
79250326040
79654198105
79629446179
79031109197
79253770149
79255108887
79261912640
79037472770
79999349326
79262694329
79257898992
79998305890
79258571510
79672305553
79265610873
79660243696
79645623727
79219925183
79214271401
79680615675
79036815792
79269360549
79036811122
79215589494
79629445994
79263851510
79055361261
79253708796
79216377491
79099610590
79626979615
79268941894
79216509479
79219632036
79250061896
79261548811
79055406150
79057140538
79637239300
79251408832
79265502311
79263323832
79251876637
79213005015
79262550293
79263381095
79215534458
79687060247
79299145655
79645811664
79263255455
79267675050
79261814981
79633081988
79266597567
79067725942
79263002111
79031484029
79261539291
79264468767
79627031088
79062252428
79295095945
79999309143
79999432829
79035881839
79263183682
79258544478
79035808468
79057691471
79032737606
79031179145
79099734544
79263969511
79265825492
79689135888
79992050600
79296079841
79215544279
79265643655
79035505643
79269555258
79031100857
79214260025
79218750155
79057170102
79998611573
79992161781
79262252799
79214406333
79060439193
79295453680
79672369666
79219217926
79259105700
79219816602
79689137309
79660878826
79261848447
79213445992
79055207698
79057902739
79652812406
79258662355
79627031145
79262028064
79096428838
79260183077
79251443690
79096386444
79263240004
79267007971
79267879041
79689948769
79253264570
79264616100
79999457624
79055344931
79313203631
79055792854
79261549277
79037090679
79219350191
79036686250
79055630817
79651589336
79265223368
79999426940
79257928905
79268255181
79265267537
79055392576
79312080390
79039756099
79259791380
79067982109
79096944834
79262963777
79062488846
79999382902
79955992848
79218837266
79651213163
79218946177
79265361445
79672272244
79262573778
79670428650
79219154687
79067655107
79623685308
79999880147
79264604400
79660431390
79067432488
79035700950
79647188579
79218933894
79259003531
79062662418
79031536357
79255246272
79262706948
79057515191
79099776464
79217897937
79312343444
79627119726
79031359118
79264814465
79269408271
79030981898
79312162302
79670183541
79296070522
79035582723
79265637590
79266047827
79268233564
79999816900
79052346401
79036850558
79266387777
79263702414
79636801014
79636181418
79998133866
79091574838
79067121603
79055541842
79219820606
79627229498
79031697487
79257443800
79219675508
79218871508
79685141155
79213287382
79213032457
79091616640
79214007707
79255897954
79639777912
79265546701
79219495845
79037352246
79999313394
79647198140
79032409514
79096937623
79262185856
79052069769
79067934683
79291105057
79250274030
79636852652
79037347738
79062438505
79095805650
79031370370
79036114275
79213430814
79627056156
79260614514
79633170614
79262262209
79032616959
79258343510
79055931643
79096361415
79689847128
79260549405
79213334922
79686541939
79254930520
79264274097
79618010797
79657595878
79661731156
79216422550
79633184095
79067406251
79218499720
79312554941
79035536046
79688722572
79660243426
79262891418
79647794437
79295150658
79255295000
79265210750
79057339122
79035725822
79219528684
79213627027
79057756301
79992085827
79296073090
79295679715
79218650629
79057952283
79660625352
79997738593
79266096600
79057974830
79688405165
79266464203
79999466938
79265441811
79096844280
79095915976
79686308595
79636560032
79258811690
79263406695
79214317940
79684200199
79060334767
79261073051
79215619503
79268100602
79030179978
79259265759
79999850041
79096798943
79035705770
79213675069
79955964493
79099181369
79269645027
79096891089
79057763441
79213416732
79650792096
79295883477
79214342028
79262565011
79295619277
79670213933
79219252674
79265482943
79629725230
79264649091
79217633888
79671487103
79654464179
79215849455
79267842348
79250368861
79035214444
79645531413
79037193414
79252590832
79035378862
79650367424
79968852156
79267070445
79216314072
79036228527
79035569898
79652960986
79680898474
79060455505
79266946547
79037920855
79067477226
79258053850
79037077158
79639924445
79262628989
79266214712
79264626910
79217740560
79295988678
79219828970
79215956177
79645809368
79036173068
79296949407
79262745373
79259336895
79264116961
79261532231
79265512350
79055378161
79037703159
79037310829
79269142755
79689793310
79313170174
79671061026
79646378726
79067476677
79262340174
79999448792
79032419040
79067096009
79219131332
79031833583
79263511595
79267897332
79672287791
79215552884
79215599517
79213205059
79035147529
79215850895
79255901558
79265894150
79643328378
79218620969
79261740815
79255144291
79637217721
79216596301
79671154911
79055252072
79650600010
79264386219
79296142168
79030038268
79219511530
79650501659
79067356041
79215926381
79213953211
79653011706
79060527483
79651960764
79267083833
79035484718
79060383123
79216307096
79254663402
79627097090
79269315559
79035589758
79057585002
79652310951
79052815677
79035044581
79067021483
79267840854
79263645653
79652952550
79031854113
79261589720
79653860988
79650310686
79030135080
79032351937
79067857236
