79267951233
79263907180
79037308348
79269902877
79036818031
79052558016
79057753238
79629595960
79037008380
79661286622
79260756061
79312368992
79265641699
79687017996
79035949746
79032856695
79035047323
79267932638
79636121588
79671738655
79602374912
79032744214
79213071232
79252803471
79689263701
79099039933
79030199912
79261151503
79258542529
79036214685
79268190943
79650433434
79052061292
79055275857
79627024481
79253886456
79218963955
79627249746
79036614291
79213218956
79261812254
79265695088
79268263426
79037751249
79032477142
79035286039
79269939685
79218875106
79645260015
79312546650
79213612275
79269210874
79091546787
79268363599
79639904163
79253462080
79313154230
79091682250
79262367256
79313520501
79650621763
79269065063
79253206251
79060536597
79037305541
79031132103
79261075500
79670538077
79263686889
79262067542
79685445645
79639656837
79035521663
79067243118
79217485470
79670997069
79219839202
79261746613
79268184991
79032285163
79260745523
79213515854
79266751370
79602761653
79266918137
79032159374
79215764641
79219662808
79670278477
79263596769
79035659888
79637726521
79650902197
79211847005
79646483815
79067806057
79263440383
79099103535
79035882699
79261505551
79035834413
79032735585
79265501737
79219849653
79261332165
79250761051
79263494029
79267266843
79269158718
79060908470
79032103935
79219479317
79269921880
79215685160
79035561594
79219267666
79626977099
79031666451
79052205128
79266543943
79995363854
79032396387
79261814966
79264425251
79268463634
79650036200
79055388157
79213687418
79654033117
79688092130
79214484947
79267864423
79032724358
79214271642
79055308124
79295714085
79296645406
79255816416
79213663658
79037257095
79685716025
79295981300
79999352786
79637721866
79055053171
79636486214
79687372777
79267588423
79052130177
79637231613
79052153510
79035315069
79687765809
79652796455
79263601769
79264528767
79265270772
79632467629
79217984031
79262195296
79266221475
79035629988
79213587789
79629159240
79030004734
79214034431
79261458313
79688188072
79215736580
79263418111
79253000776
79258519484
79629341050
79067616317
79670200170
79645032225
79639738889
79672140044
79261929044
79095812963
79037410819
79215596555
79269777750
79035849645
79037972383
79052845641
79269289844
79263640839
79263324500
79914869494
79268609975
79998492706
79645211283
79602489867
79269456330
79032749213
79629068198
79052053209
79213207019
79252663792
79218829105
79263313235
79671490029
79052676314
79213729095
79091698029
79032131574
79213010654
79255134244
79647911925
79052294266
79031528740
79260505682
79999312436
79052130675
79099101116
79218631640
79095842281
79262552758
79650006516
79030168322
79650622162
79686640992
79653029888
79031909993
79264371221
79647854972
79253470740
79213509421
79099014972
79264009935
79672963648
79052786924
79213219365
79031265548
79219959460
79250607630
79062619914
79990963081
79261499012
79296645814
79261470062
79253518828
79052634487
79629062549
79663198488
79671356372
79602861936
79213693791
79267371500
79998301091
79067667032
79261828216
79670346316
79057334151
79266884526
79251470314
79266722037
79252006636
79253552250
79296644500
79258705231
79258881627
79267190151
79060869669
79096445135
79037098203
79258709964
79266079131
79263445998
79252806743
79623613085
79684009564
79032406057
79213057697
79060633764
79055375982
79264787878
79264601649
79035799600
79263543210
79299973587
79660695045
79263596141
79215865676
79999361681
79652258003
79219768673
79032702453
79263357683
79643417507
79645705075
79263734353
79312604401
79651370072
79253504873
79623612120
79265279661
79258750052
79035100068
79217726951
79251122741
79213674672
79032721557
79052188892
79055278141
79099364397
79252952744
79268855275
79675385790
79031944987
79217771066
79671696034
79999713759
79999974574
79032789082
79096869722
79629317022
79213769518
79633077217
79663661656
79629855729
79260405044
79263415503
79031395901
79650364161
79265832272
79215914930
79067200943
79217741113
79096694807
79219746099
79216427371
79992024250
79684925094
79031086940
79637112787
79312170458
79262584627
79261292068
79581731278
79267174397
79214321850
79685076520
79213354836
79055655902
79261112019
79637688074
79213079027
79213854282
79216425437
79312083252
79213933513
79067107600
79670681040
79686219590
79310066269
79629912372
79062794968
79262658768
79213457678
79055182655
79037829014
79213507950
79256333410
79057122967
79647118444
79639291999
79217421903
79213177018
79214187697
79036820456
79261698402
79062438070
79215652494
79037232451
79267589291
79255435267
79255662860
79031651214
79037411601
79036896579
79255061903
79680316912
79250724212
79261422949
79683303636
79260759236
79998212287
79052170410
79261462210
79266875299
79253030611
79602730928
79067462513
79035997491
79035122828
79030954256
79255365286
79037700468
79268221314
79264467597
79055795139
79263377530
79217449941
79672978822
79052216647
79652347337
79219746905
79213324096
79683760449
79036605016
79052557064
79057110615
79602676509
79055653344
79265033647
79261365570
79263110675
79639202009
79261818051
79062297560
79264932821
79036680489
79259242008
79251827412
79036755455
79684048315
79096299030
79261123396
79263579692
79037599763
79032371423
79264742751
79031820522
79214493355
79252025131
79998436989
79680758428
79670384003
79032572697
79217974596
79217728544
79052012026
79313602904
79031295345
79262825944
79296202869
79096553113
79315355901
79263196772
79067841523
79213624733
79030025400
79254616157
79067392740
79216382838
79999337943
79689183127
79099627027
79263810757
79651883673
79252608075
79267031713
79651383246
79636851894
79645211797
79035981221
79268814488
79250576778
79626829582
79099244589
79268488571
79216375825
79062703189
79266620325
79629128649
79265248166
79999604452
79312250727
79052747752
79663286320
79687691739
79267177350
79267529127
79217548582
79037164831
79217849447
79296445444
79629555559
79218633492
79653340157
79627298305
79263512230
79262001780
79629185576
79653478929
79688103613
79263700708
79052829789
79646418251
79213098603
79636815940
79651111332
79057421840
79997678690
79251600670
79055693859
79684514275
79629539083
79031184614
79052367189
79265371008
79313215536
79999866298
79032770290
79643206752
79035104023
79099277483
79264367252
79215751628
79036771657
79661927456
79263434529
79261900568
79060410760
79262856638
79269674941
79031285596
79263882552
79269363484
79661935443
79261679866
79315306020
79037799313
79262113514
79095921427
79999626102
79217887413
79663628454
79263946974
79661727870
79260506333
79219885805
79032391911
79636725506
79637705659
79215539043
79257682566
79998303806
79060525212
79268245829
79259099290
79647627537
79031588743
79295410604
79250103404
79651232316
79213050374
79670711336
79265838518
79672902323
79037642879
79295853716
79688250657
79095829923
79629188486
79264318454
79218640759
79099451087
79645326572
79031187033
79645905983
79032292276
79312869775
79265398622
79685804602
79629800507
79265994957
79057338827
79037598623
79626953246
79216524788
79031983296
79602522322
79055910707
79299040743
79217462071
79312087757
79652098323
79265754781
79218950358
79653721626
79262554946
79264917845
79650821206
79031370441
79652326565
79035815504
79036818490
79263333286
79253047315
79955028932
79263297076
79261017858
79265678982
79099158106
79262704656
79262254162
79268183953
79037302508
79645014814
79067564964
79266699344
79689489838
79312559272
79267164151
79096832841
79265955210
79037352944
79214321803
79263260222
79214123456
79037941091
79651305186
79215969201
79252054654
79261897708
79030187797
79258279479
79060669160
79995291205
79099360791
79263415542
79680242037
79262382586
79661946788
79031732505
79214095138
79639689633
79213416494
79214444388
79035660991
79067768275
79219320569
79217506603
79260596418
79626868036
79296621498
79689250939
79253574270
79217913209
79032446104
79999772820
79675624666
79052846487
79264130210
79299258608
79663593050
79266079599
79095837647
79267712345
79057720652
79251663396
79031091783
79262238169
79037467451
79096374763
79261198960
79261874308
79261345148
79035920060
79663425577
79990285680
79650773320
79265255775
79096339707
79219101082
79055150476
79035897325
79035437394
79315794399
79032422361
79262771109
79060564810
79037660071
79031736630
79312610607
79031672676
79219706927
79260991236
79067422415
79992175524
79252770772
79219365553
79036690690
79037500290
79030133525
79296776568
79067259330
79219880961
79213331450
79032176858
79091617492
79263104458
79268311117
79255859527
79036218584
79653289890
79254644784
79646244593
79031796529
79250073149
79267071550
79653175775
79262562338
79253757688
79218925486
79661484433
79217854405
79263822046
79213963377
79031477462
79268000326
79264903643
79265398668
79262574499
79688848458
79263886655
79055767137
79052693158
79057078317
79269527100
79213483207
79035130793
79263657794
79032171628
79266560707
79685705228
79250819695
79269368727
79215680985
79039612340
79269186176
79261382212
79099327737
79214419815
79052260379
79099074220
79646396793
79312286328
79052524389
79250364192
79266865405
79251912660
79031089807
79067322636
79218780311
79031253600
79096646112
79057543632
79266891730
79663817338
79671304292
79218850180
79067260964
79031987405
79992058197
79216444131
79250672220
79637706400
79210957773
79096621646
79653907019
79267394098
79295534640
79261746777
79269815428
79254518796
79636077212
79267297482
79263540830
79265792793
79313260222
79035758278
79261554818
79261431905
79037391227
79263248413
79213134565
79661977554
79633447070
79218628037
79653494874
79067422121
79035481415
79030028898
79060334907
79998319067
79057922468
79313305839
79213765474
79261629307
79681949414
79263920972
79217516751
79261815516
79687504761
79216357590
79653705442
79671668065
79261499990
79067817474
79037753370
79055975183
79998496159
79299694022
79213116911
79652650419
79218855398
79032126388
79663274642
79602530985
79255092827
79067600350
79626884516
79099755665
79036890025
79636534721
79213836008
79260887772
79036612404
79215804236
79217739353
79264256885
79211850696
79218728263
79213250199
79057831391
79296173785
79218639548
79258400833
79685238555
79037175610
79261509808
79214247896
79312414555
79037762959
79992093774
79265692680
79296324447
79213231825
79264557113
79299346663
79037908624
79057092627
79060991297
79629733949
79264707457
79254341472
79099423000
79036210468
79052119812
79035161555
79657872550
79992409527
79258885972
79992159396
79062663721
79216434386
79215613108
79215847089
79650495461
79035162567
79263522670
79639240329
79052509361
79267533060
79210918682
79269769894
79250861059
79646441986
79261093085
79218710120
79216532010
79998731079
79035884591
79032026312
79262166480
79633031665
79261716298
79672679860
79037336058
79219598741
79030939505
79629922283
79067323454
79261507208
79037359590
79995259998
79263670505
79255717922
79067218349
79213731358
79645005255
79096260499
79215808303
79629832349
79295051844
79055569944
79264342531
79629807008
79295091738
79313289529
79214287741
79689497580
79218761762
79099019508
79213062184
79253762648
79035232550
79219446016
79217811036
79684022074
79680185209
79219506353
79264047373
79213984378
79312113932
79260188897
79261253774
79262409164
79602770325
79265631646
79057907322
79262772302
79032710366
79037813688
79680757372
79037334649
79067797722
79253365900
79062281916
79036277586
79262799747
79654100075
79261371617
79052042565
79264708301
79219508160
79032244102
79211842025
79295844522
79213664608
79299922883
79031053101
79060460282
79299961297
79035229277
79256297715
79031156507
79067220271
79096741412
79096781667
79267668866
79602810589
79219631159
79032716894
79319771438
79035229299
79031254202
79055493271
79055378977
79219456567
79261673305
79643681409
79099404073
79261166427
79653583505
79999892008
79999948584
79099383848
79067778329
79217697675
79671138391
79213457878
79031606525
79216544475
79091624010
79629743557
79995954770
79031726474
79219247630
79055814406
79672038694
79057446297
79263264884
79213955920
79262116945
79037647925
79214191908
79261146652
79629645315
79037233592
79031454446
79067040607
79269343977
79214463710
79032816044
79032442017
79650075002
79031351714
79037560795
79686280531
79264614030
79039651298
79266383863
79039633838
79257804524
79267547012
79264021804
79218635505
79057293623
79215972682
79266529937
79264652240
79067667062
79254431536
79637707797
79032793845
79032090158
79256023395
79037961047
79672226766
79299308518
79039606343
79032070403
79057321537
79602866889
79219289134
79255302586
79214491114
79062476756
79296181924
79636456366
79032751147
79266800650
79213589405
79037428245
79262222192
79261057091
79261224025
79629911423
79219785815
79030161673
79268997030
79680847216
79268602231
79269609610
79099466548
79251865529
79032656798
79060582832
79031286021
79039665614
79099294411
79268491778
79269707399
79675395093
79060820485
79663767557
79296211013
79252875696
79213144151
79998031964
79262182291
79036700163
79267091011
79032137478
79265243030
79217924156
79035908746
79268821197
79037571508
79257001364
79267884259
79099563506
79647250780
79264832825
79654036572
79216344098
79672369677
79259000308
79269543991
79213423076
79031918125
79213627933
79219004072
79258672098
79258936921
79652717084
79629745178
79096595914
79215723330
79031760386
79218663346
79264983911
79213622977
79213288063
79672745997
79992265259
79269788536
79219022001
79216595052
79602713270
79267032354
79913389202
79255180284
79266526068
79055622742
79654265099
79652597332
79099780898
79039634148
79213834337
79217695920
79629225171
79250290241
79250695162
79685416544
79096394055
79035407543
79670346701
79267999825
79263135973
79312357433
79060449599
79035347306
79067408471
79052148985
79035776959
79264448009
79055455693
79055232589
79651842806
79299690948
79252776828
79627141176
79035685014
79255966252
79262847464
79262343605
79251939802
79629644071
79268712665
79262366777
79219976976
79218716274
79217554798
79091606243
79217646931
79213292380
79217922270
79663327001
79265948110
79036749390
79312064758
79267106662
79250626639
79265534989
79255061752
79299934284
79031477357
79032333195
79055777882
79268404044
79037277835
79032456810
79313856580
79096502190
79262107989
79268202210
79647096491
79267163315
79262471019
79214011407
79265832145
79259158702
79647075741
79258277870
79262030364
79639671755
79031398945
79262962140
79055315491
79260387171
79602614196
79099409466
79262038341
79653542156
79262044022
79035663311
79213334878
79217927345
79997198497
79055019861
79252788073
79031741718
79219272612
79217762374
79998233874
79265351638
79055129983
79629782194
79052241441
79030015160
79032895011
79213609605
79267044444
79219752125
79265318104
79265508256
79251640074
79216373624
79683570530
79650595032
79255099926
79999758777
79687693950
79214011805
79296661378
79099121899
79096975978
79217919445
79213959185
79261006719
79037867894
79629589386
79055754404
79096856765
79251004938
79062543076
79267209810
79057758567
79055350100
79651892455
79265422949
79251960933
79296681062
79031134366
79055102141
79250796964
79687864117
79267897866
79052670374
79262762999
79067506765
79213427721
79258415791
79096639744
79268283519
79218940518
79218589813
79998506065
79259059525
79267121083
79645808679
79670606410
79213090802
79263214266
79055134568
79251345382
79254459069
79636365684
79299938671
79602750994
79651839358
79219397979
79031275741
79214417725
79031157088
79096405182
79052068823
79959045782
79645056852
79645325626
79031459627
79629962838
79057971255
79031932443
79672291424
79057414891
79253255256
79219354500
79099857839
79661826126
79260366904
79218947914
79681941966
79219866842
79211896688
79215675307
79262147007
79218674605
79261699054
79636884932
79250962393
79265893772
79263345090
79652834534
79060724406
79052683062
79263986968
79652754231
79661719126
79035280127
79687347434
79213914221
79686190699
79060657704
79268471609
79267188794
79295351801
79219731190
79215907774
79688661224
79057793520
79217891765
79091640212
79299626057
79266895885
79057515882
79686182330
79216331461
79269070126
79057259404
79052103134
79055361673
79035138745
79060757533
79057958753
79214055318
79262181297
79264011513
79671751720
79686617010
79219433276
79052562992
79213195444
79219555530
79627267587
79031548980
79639952726
79032727614
79261370551
79253760448
79055717321
79057114060
79312705077
79218995495
79253549770
79269951726
79267193201
79697935017
79213097694
79062506914
79263964242
79267153798
79651340698
79661516961
79262342479
79031053320
79999883203
79689425168
79663007117
79213249355
79688648997
79055009878
79031705759
79255051226
79269591129
79214400270
79213016328
79250662891
79052743918
79062775594
79035867843
79032877849
79052297970
79299352647
79032071305
79039661197
79258903541
79255317442
79032818050
79253123730
79052647104
79099646623
79254372068
79036165748
79261637584
79037333638
79251781850
79215962653
79057347104
79260380572
79629440713
79312351308
79219542477
79214085083
79999678757
79263999993
79261622670
79265447411
79055201472
79647231563
79250505940
79261084870
79219214651
79250804616
79261023778
79265800571
79055504243
79261911114
79269692946
79660972457
79261565787
79219654521
79217998238
79032971815
79647183482
79253816833
79215876255
79295533053
79261588393
79263505608
79261053045
79260148700
79643359766
79067672231
79213142688
79214170281
79267950099
79035330435
79653178387
79219193264
79262260220
79260897570
79099089616
79670370824
79032215718
79217924500
79266974078
79258472807
79651082438
79213173877
79262279543
79062412064
79067903896
79031627253
79218908219
79686078849
79096325032
79653868211
79652644331
79217474621
79266536105
79269096060
79057682400
79217587262
79099020050
79219966673
79296152077
79295816288
79217502290
79031839380
79262028892
79269491652
79039708181
79036232383
79099454403
79651756726
79096831756
79265597845
79257220928
79067996097
79629223663
79637149216
79686497709
79217656751
79687030245
79095914691
79269335596
79213604720
79253363642
79099342400
79653306150
79213136832
79262872357
79265592267
79312254761
79057760379
79219716897
79260815369
79258021161
79031626784
79687092080
79647785526
79032486081
79295992917
79032825252
79643405140
79999881253
79052639372
79250833070
79266948531
79651509458
79032277404
79261859094
79217645251
79218833388
79032777554
79052734444
79218613537
79262731158
79031824502
79057888771
79263210323
79258770445
79629388477
79263902130
79031270144
79269019441
79055684083
79037207746
79685618058
79031822385
79626856279
79217449923
79219974581
79263455750
79255051032
79252511877
79295419208
79036150013
79250306416
79213081382
79652787710
79657487657
79219155427
79998369204
79645905629
79602751899
79060863142
79260753934
79216445410
79214027250
79035291724
79672573313
79218782288
79687080448
79030184959
79067850762
79261067345
79264655555
79671013534
79057773330
79998386969
79213054632
79299129641
79265877999
79031898676
79252140802
79031982618
79219467208
79219925625
79055530820
79067185588
79651874389
79684894063
79067316247
79312554495
79213346191
79312996550
79213170872
79260683802
79037117989
79681881797
79032866145
79671323562
79099488410
79312611020
79060395140
79057007046
79260930227
79035729011
79629400326
79265792713
79261602393
79313623394
79602354746
79296685840
79672458782
79219334687
79037875520
79219250383
79067046487
79057225056
79258924232
79262851625
79031231439
79689546929
79031409536
79686579939
79052723230
79671340208
79219638552
79057375205
79645883932
79269531093
79637763664
79213781173
79060468101
79091662536
79036100660
79261348423
79685904529
79639655656
79264311058
79636687077
79215564460
79265919118
79055296240
79266020942
79052663568
79295838688
79266228969
79251799727
79688899880
79262180990
79252225940
79261228403
79213168169
79267048394
79995197937
79213394484
79035674471
79052172525
79031571232
79266942705
79653754331
79214214330
79035878857
79217920994
79256378545
79032673848
79219425354
79688080407
79057401487
79213042712
79032032318
79623847085
79263220858
79643433423
79035751670
79252999580
79636340555
79031336997
79210970009
79219602200
79035630164
79095817474
79265663307
79037605458
79633207896
79250115166
79672746892
79032452232
79683251408
79266223816
79675206484
79684460364
79031166376
79258964693
79055033908
79998205750
79215917777
79035333082
79217446107
79095880259
79219983064
79052857252
79099981084
79250663098
79032192469
79629979514
79636027727
79055987763
79643915477
79218606070
79261316876
79260099318
79652306814
79219836468
79312889804
79219948063
79037357559
79037347050
79653265554
79653579745
79629871474
79035425913
79215689858
79037992495
79672787795
79267103929
79067420782
79261235755
79035890003
79062556651
79261732796
79257799029
79312307472
79095799708
79632413799
79269901143
79267887157
79031037244
79261475686
79263810122
79032008376
79265889399
79031260158
79250299830
79258530801
79214153446
79217935567
79032781665
79035177472
79035538419
79265578749
79031717337
79055507225
79650650933
79032532946
79259240342
79629026495
79262880745
79214407865
79269914680
